200 1 2.5346789360046387 1.0926014658344758 1.0926014658344758
200 2 1.353032112121582 2.046805760253518 1.023402880126759
200 3 0.9716329574584961 2.850246998766233 0.9500823329220777
200 4 0.7625420093536377 3.631791936611979 0.9079479841529947
200 5 0.6713800430297852 4.124927378539275 0.824985475707855
200 6 0.5858080387115479 4.7274768147421895 0.7879128024570315
200 7 0.546867847442627 5.064100831396895 0.7234429759138422
200 8 0.5394191741943359 5.134029440156147 0.6417536800195184
400 1 4.932224988937378 1.0282549866098691 1.0282549866098691
400 2 2.5389578342437744 1.9975065641321414 0.9987532820660707
400 3 1.7530250549316406 2.8930476068720146 0.9643492022906716
400 4 1.3706319332122803 3.7001800534959446 0.9250450133739861
400 5 1.1195969581604004 4.529830938706497 0.9059661877412994
400 6 0.981987714767456 5.16461139349148 0.8607685655819134
400 7 0.9498870372772217 5.339145330895318 0.7627350472707597
400 8 0.8042130470275879 6.3062704077004215 0.7882838009625527
600 1 7.475320816040039 0.9837460046269398 0.9837460046269398
600 2 3.776841163635254 1.9470813485324994 0.9735406742662497
600 3 2.5737290382385254 2.8572615364036063 0.9524205121345354
600 4 1.9680712223052979 3.7365603961578686 0.9341400990394672
600 5 1.6041808128356934 4.584157176823927 0.9168314353647855
600 6 1.3784191608428955 5.334964280086739 0.8891607133477898
600 7 1.2142632007598877 6.056196861999898 0.8651709802856997
600 8 1.0897629261016846 6.748088790641982 0.8435110988302478
800 1 9.753958225250244 1.017239663224615 1.017239663224615
800 2 4.942576885223389 2.0074777612108052 1.0037388806054026
800 3 3.3508169651031494 2.9611027052488037 0.9870342350829345
800 4 2.5762779712677 3.8513364205331393 0.9628341051332848
800 5 2.161479949951172 4.590425731399759 0.9180851462799519
800 6 1.7779676914215088 5.580592509095405 0.9300987515159008
800 7 1.5546109676361084 6.382376933341574 0.9117681333345106
800 8 1.3925018310546875 7.125386092056674 0.8906732615070843
1000 1 12.185579061508179 0.9976803571385597 0.9976803571385597
1000 2 6.170691728591919 1.970170185895803 0.9850850929479015
1000 3 4.18450403213501 2.905317518315965 0.9684391727719883
1000 4 3.187713146209717 3.8138039128398464 0.9534509782099616
1000 5 2.657327890396118 4.575014214077055 0.915002842815411
1000 6 2.250579833984375 5.401858084057657 0.9003096806762761
1000 7 1.9763431549072266 6.15141800645259 0.8787740009217986
1000 8 1.7364799976348877 7.001124623712384 0.875140577964048
1200 1 14.563790082931519 1.0024936415202543 1.0024936415202543
1200 2 7.355401277542114 1.984950433520517 0.9924752167602585
1200 3 4.961694955825806 2.9425644028018643 0.9808548009339547
1200 4 3.8003480434417725 3.841781538869805 0.9604453847174512
1200 5 3.070136070251465 4.755524387353534 0.9511048774707069
1200 6 2.59080171585083 5.635362546369107 0.9392270910615178
1200 7 2.268914222717285 6.4348430665172005 0.9192632952167429
1200 8 2.0051472187042236 7.281314218917821 0.9101642773647276
1400 1 16.970452070236206 0.9990918840305041 0.9990918840305041
1400 2 8.54969596862793 1.9831162410822702 0.9915581205411351
1400 3 5.750421047210693 2.9484868660053847 0.9828289553351283
1400 4 4.453801870346069 3.806869148039632 0.951717287009908
1400 5 3.540562868118286 4.788798155337602 0.9577596310675205
1400 6 3.0185301303863525 5.616985817375798 0.9361643028959663
1400 7 2.63795804977417 6.427335314582863 0.9181907592261233
1400 8 2.3680241107940674 7.159995058503075 0.8949993823128843
1600 1 19.426707983016968 1.0090123258502337 1.0090123258502337
1600 2 9.790389060974121 2.0021459498165153 1.0010729749082576
1600 3 6.602021932601929 2.9690582681587627 0.9896860893862542
1600 4 4.9814698696136475 3.9349405534149153 0.9837351383537288
1600 5 4.025553941726685 4.869339248538163 0.9738678497076325
1600 6 3.4383232593536377 5.700972924006612 0.9501621540011019
1600 7 2.979308605194092 6.5793076190172854 0.9399010884310408
1600 8 2.641353130340576 7.42111593500934 0.9276394918761675
1800 1 21.86944603919983 0.9969766079502891 0.9969766079502891
1800 2 11.068932056427002 1.9697768509883995 0.9848884254941997
1800 3 7.394360065460205 2.94864274080442 0.9828809136014733
1800 4 5.613240957260132 3.8842669138785215 0.9710667284696304
1800 5 4.5269811153411865 4.81630596072634 0.9632611921452681
1800 6 3.917606830596924 5.5654707255529186 0.9275784542588198
1800 7 3.311830997467041 6.583465806856986 0.9404951152652837
1800 8 2.930187940597534 7.440930947749078 0.9301163684686348
2000 1 24.33907985687256 0.9951955566657361 0.9951955566657361
2000 2 12.206486225128174 1.9843666457451596 0.9921833228725798
2000 3 8.204854011535645 2.9521724692282003 0.9840574897427334
2000 4 6.20098090171814 3.906179443349153 0.9765448608372882
2000 5 5.032322883605957 4.813312795528631 0.9626625591057263
2000 6 4.317483901977539 5.610245382917956 0.9350408971529927
2000 7 3.669373035430908 6.601166982208336 0.9430238546011909
2000 8 3.2164530754089355 7.530700295950227 0.9413375369937784
